	BACasv1	BACasv2	BACasv3	BACasv4	BACasv5	BACasv6	BACasv8	BACasv9	BACasv10	BACasv11	BACasv12	BACasv13	BACasv15	BACasv16	BACasv17	BACasv18	BACasv19	BACasv21	BACasv22	BACasv25	BACasv26	BACasv27	BACasv28	BACasv29	BACasv30	BACasv31	BACasv32	BACasv33	BACasv36	BACasv37	BACasv39	BACasv41	BACasv42	BACasv43	BACasv44	BACasv46	BACasv47	BACasv49	BACasv54	BACasv59	BACasv66	BACasv67	BACasv70	BACasv73	BACasv84	BACasv86	BACasv89	BACasv90	BACasv91	BACasv92	BACasv96	BACasv100	BACasv101	BACasv102	BACasv103	BACasv113	BACasv114	BACasv124	BACasv125	BACasv126	BACasv128	BACasv129	BACasv131	BACasv132	BACasv134	BACasv139	BACasv141	BACasv142	BACasv145	BACasv148	BACasv152	BACasv156	BACasv157	BACasv160	BACasv164	BACasv167	BACasv176	BACasv178	BACasv181	BACasv183	BACasv186	BACasv187	BACasv188	BACasv192	BACasv193	BACasv194	BACasv199	BACasv205	BACasv206	BACasv209	BACasv211	BACasv213	BACasv219	BACasv222	BACasv231	BACasv235	BACasv237	BACasv240	BACasv242	BACasv245	BACasv247	BACasv252	BACasv253	BACasv267	BACasv283	BACasv285	BACasv287	BACasv288	BACasv290	BACasv293	BACasv296	BACasv301	BACasv311	BACasv315	BACasv319	BACasv323	BACasv324	BACasv325	BACasv330	BACasv336	BACasv343	BACasv348	BACasv351	BACasv352	BACasv358	BACasv366	BACasv374	BACasv387	BACasv388	BACasv393	BACasv397	BACasv403	BACasv409	BACasv410	BACasv411	BACasv417	BACasv419	BACasv425	BACasv429	BACasv430	BACasv439	BACasv440	BACasv442	BACasv449	BACasv450	BACasv459	BACasv466	BACasv467	BACasv472	BACasv482	BACasv483	BACasv484	BACasv492	BACasv493	BACasv494	BACasv495	BACasv511	BACasv517	BACasv521	BACasv528	BACasv529	BACasv530	BACasv532	BACasv539	BACasv546	BACasv548	BACasv560	BACasv562	BACasv575	BACasv576	BACasv577	BACasv587	BACasv605	BACasv608	BACasv609	BACasv611	BACasv633	BACasv635	BACasv637	BACasv645	BACasv649	BACasv650	BACasv669	BACasv672	BACasv682	BACasv686	BACasv729	BACasv749	BACasv770	BACasv773	BACasv775	BACasv792	BACasv793	BACasv823	BACasv824	BACasv830	BACasv831	BACasv898	BACasv928	BACasv929	BACasv931	BACasv966	BACasv969
BACasv1	0	-0.80952380952381	0.833333333333333	-0.714285714285714	-0.80952380952381	-0.833333333333333	0.785714285714286	0.714285714285714	-0.714285714285714	-0.904761904761905	-0.934148484292342	0	0	0	0.785714285714286	0.738095238095238	-0.857142857142857	-0.857142857142857	-0.952380952380952	0	0	-0.833333333333333	0	-0.904761904761905	-0.952380952380952	0	0.714285714285714	0.904761904761905	-0.714285714285714	0	0.80952380952381	0.786386748619354	-0.928571428571429	0.913223320977314	0	0.714285714285714	0	0	-0.857142857142857	0.86248869203413	0.785714285714286	0	0	0	0	0.763762615825973	0	-0.80952380952381	0	-0.880952380952381	0	0	-0.785714285714286	0.7319250547114	0	0	0	0.756322556535113	0.738095238095238	0	-0.738095238095238	0	0.718575757147955	0.86248869203413	0	0.785714285714286	0.707527552887687	0	0.785714285714286	-0.857142857142857	0.791039852105472	0.95150257112482	0	0	0	0	-0.857142857142857	0.780720058358827	0.86248869203413	0	0.761019434147762	0.833333333333333	0	0	0.710284805204577	0	0.761019434147762	0	0.913223320977314	0.710284805204577	0	0	0.761019434147762	0	0	0	0.710284805204577	0	0	0	0.763762615825973	0	0.811754063090946	0	0	0	0	0.754504545005353	0	0.761019434147762	0.761019434147762	0.913223320977314	0.86248869203413	0.86248869203413	0	0.761019434147762	0.874267171196679	0	0	0	0.761019434147762	0.887856006505722	0.786386748619354	0	0	0.710284805204577	0	0.786386748619354	0.761904761904762	0.710284805204577	0.710284805204577	0.732588631506546	0	0.902707567477393	0.786386748619354	0.86248869203413	0	0	0	0.84559432466447	0.761019434147762	0.7319250547114	0.791039852105472	0.761019434147762	0.786386748619354	0.761019434147762	0	0.86248869203413	0	0	0	0.913223320977314	0	0	0	0.913223320977314	0	0	0	0.853912563829967	0.761019434147762	0.786386748619354	0	0	0	0.913223320977314	0	-0.790433332862751	0	0	0.761019434147762	0	0	0	0	0	0	0	0	0	0	0.761019434147762	0	0	0	0.763762615825973	0	0.786386748619354	0	0	0	0	0	0	0	0	0	0	0	0	0	0	0.732588631506546
BACasv2	-0.80952380952381	0	-0.761904761904762	0.80952380952381	0	0.738095238095238	-0.785714285714286	-0.880952380952381	0.761904761904762	0.714285714285714	0.946124746911475	0.738095238095238	0	-0.87831006565368	-0.880952380952381	0	0.857142857142857	0.928571428571429	0.80952380952381	0.714285714285714	0	0.738095238095238	-0.833333333333333	0.785714285714286	0.80952380952381	0.761904761904762	0	-0.785714285714286	0.880952380952381	0	-0.833333333333333	-0.710284805204577	0.880952380952381	-0.913223320977314	-0.7319250547114	-0.880952380952381	-0.785714285714286	0	0	-0.887856006505722	0	0.833333333333333	0	0.904761904761905	0	0	0.738095238095238	0.952380952380952	0	0.904761904761905	0.714285714285714	0	0.904761904761905	-0.756322556535113	-0.785714285714286	0	0	-0.707527552887687	-0.80952380952381	0	0.80952380952381	0	-0.898219696434944	-0.887856006505722	0	0	-0.853912563829967	-0.833333333333333	-0.952380952380952	0.928571428571429	-0.87287156094397	-0.902707567477393	0	0	0	0	0.928571428571429	0	-0.887856006505722	0	-0.735652119676169	-0.928571428571429	0	0	-0.710284805204577	0	-0.735652119676169	0	-0.913223320977314	-0.710284805204577	0	0	-0.735652119676169	0	0	0	-0.710284805204577	0	0	0	0	0	-0.913223320977314	0	0	0	0	-0.790433332862751	0	-0.735652119676169	-0.86248869203413	-0.913223320977314	-0.938590635448906	-0.86248869203413	0	-0.735652119676169	-0.826362120720149	0	0	0	-0.735652119676169	-0.761019434147762	-0.811754063090946	0	0	-0.837121377562538	0	-0.811754063090946	-0.80952380952381	-0.710284805204577	-0.710284805204577	0	0	0	-0.710284805204577	-0.86248869203413	0	0	0	-0.84559432466447	-0.735652119676169	-0.853912563829967	-0.87287156094397	-0.735652119676169	-0.811754063090946	-0.735652119676169	0	-0.938590635448906	0	0	0	-0.786386748619354	0	0	0	-0.913223320977314	0	0	0	-0.853912563829967	-0.735652119676169	-0.811754063090946	0	0	0	-0.913223320977314	0	0.97007727214974	0	0	-0.735652119676169	0	0	0	0	0	0	0	0	0	0	-0.761019434147762	0	0	0	0	0	-0.811754063090946	0	0	0	0	0	0	0	0	0	0	0	0	0	0	0
BACasv3	0.833333333333333	-0.761904761904762	0	-0.857142857142857	0	-0.857142857142857	0.880952380952381	0.761904761904762	0	-0.761904761904762	-0.850314645958414	-0.714285714285714	0	0.756322556535113	0.714285714285714	0	0	-0.80952380952381	-0.928571428571429	0	0	-0.857142857142857	0.80952380952381	-0.952380952380952	-0.928571428571429	-0.738095238095238	0.738095238095238	0.952380952380952	-0.833333333333333	0	0.928571428571429	0.761019434147762	-0.928571428571429	0.887856006505722	0.80511756018254	0.761904761904762	0	0	-0.785714285714286	0.913223320977314	0.761904761904762	0	0	0	0	0	-0.714285714285714	-0.833333333333333	0	-0.80952380952381	-0.833333333333333	0	-0.857142857142857	0.80511756018254	0.738095238095238	0	0	0.7319250547114	0.904761904761905	0	-0.904761904761905	-0.714285714285714	0	0.913223320977314	0	0.785714285714286	0.87831006565368	0.714285714285714	0.714285714285714	-0.880952380952381	0.791039852105472	0.87831006565368	0	0	0	0	-0.80952380952381	0	0.913223320977314	0	0.710284805204577	0.833333333333333	0	0	0.735652119676169	0	0.710284805204577	0	0.887856006505722	0.735652119676169	0	0	0.710284805204577	0	0	0	0.735652119676169	0	0	0	0	0	0.938590635448906	0	0	-0.780720058358827	0	0	0	0.710284805204577	0.837121377562538	0.887856006505722	0.913223320977314	0.786386748619354	0	0.710284805204577	0.874267171196679	0	0	0	0.710284805204577	0.710284805204577	0.761019434147762	0	0	0.86248869203413	0	0.761019434147762	0	0.735652119676169	0.735652119676169	0	0	0	0.761019434147762	0.786386748619354	0	0	0	0.763762615825973	0.710284805204577	0.80511756018254	0.791039852105472	0.710284805204577	0.761019434147762	0.710284805204577	0	0.913223320977314	0	0	0	0.761019434147762	0	0	0	0.887856006505722	0	0	0	0.780720058358827	0.710284805204577	0.761019434147762	0	0	0	0.887856006505722	0	-0.778457070243618	0	0	0.710284805204577	0	0	0	0	0	0	0	0	0	0	0.837121377562538	0	0	0	0	0	0.761019434147762	0	0	0	0	0	0	0	0	0	0	0	0	0	0	0
BACasv4	-0.714285714285714	0.80952380952381	-0.857142857142857	0	0.761904761904762	0.738095238095238	-0.880952380952381	-0.880952380952381	0.761904761904762	0.714285714285714	0.754504545005353	0.738095238095238	0	-0.780720058358827	0	0	0	0.738095238095238	0.80952380952381	0.714285714285714	0	0.738095238095238	-0.833333333333333	0.785714285714286	0.80952380952381	0	0	-0.785714285714286	0.880952380952381	0	-0.833333333333333	-0.710284805204577	0.785714285714286	-0.913223320977314	-0.829515062006253	-0.880952380952381	0	0	0	-0.887856006505722	-0.761904761904762	0	0.738095238095238	0.761904761904762	0	0	0.880952380952381	0.761904761904762	0.714285714285714	0.80952380952381	0.904761904761905	0	0.80952380952381	-0.853912563829967	-0.880952380952381	0	0	0	-0.904761904761905	0	0.904761904761905	0	0	-0.887856006505722	0	0	-0.95150257112482	-0.833333333333333	-0.857142857142857	0.738095238095238	-0.87287156094397	-0.80511756018254	0	0	0	0	0.738095238095238	0	-0.887856006505722	0	-0.735652119676169	-0.833333333333333	0	0	-0.710284805204577	0	-0.735652119676169	0	-0.913223320977314	-0.710284805204577	0	0	-0.735652119676169	0	0	0	-0.710284805204577	0	0	0	0	0	-0.913223320977314	0	0	0	0	-0.742528282386221	0	-0.735652119676169	-0.86248869203413	-0.913223320977314	-0.938590635448906	-0.86248869203413	0	-0.735652119676169	-0.874267171196679	0	0	0	-0.735652119676169	-0.761019434147762	-0.811754063090946	0	0	-0.837121377562538	0	-0.811754063090946	-0.761904761904762	-0.710284805204577	-0.710284805204577	0	0	0	-0.710284805204577	-0.86248869203413	0	0	0	-0.84559432466447	-0.735652119676169	-0.95150257112482	-0.87287156094397	-0.735652119676169	-0.811754063090946	-0.735652119676169	0	-0.938590635448906	0	0	0	-0.786386748619354	0	0	0	-0.913223320977314	0	0	0	-0.707527552887687	-0.735652119676169	-0.811754063090946	0	0	0	-0.913223320977314	0	0.778457070243618	0	0	-0.735652119676169	0	0	0	0	0	0	0	0	0	0	-0.761019434147762	0	0	0	0	0	-0.811754063090946	0	0	0	0	0	0	0	0	0	0	0	0	0	0	0
BACasv5	-0.80952380952381	0	0	0.761904761904762	0	0	0	0	0.857142857142857	0.952380952380952	0	0.785714285714286	0	0	0	0	0.80952380952381	0.714285714285714	0.80952380952381	0.738095238095238	0	0.833333333333333	0	0	0.714285714285714	0.761904761904762	-0.857142857142857	0	0	0	0	-0.837121377562538	0	-0.811754063090946	-0.756322556535113	0	0	0	0.904761904761905	-0.761019434147762	-0.738095238095238	0	0	0	0	-0.87287156094397	0	0	0	0	0.714285714285714	0	0	-0.829515062006253	0	0	0	-0.80511756018254	0	0	0.785714285714286	0	0	-0.761019434147762	-0.707527552887687	-0.833333333333333	-0.756322556535113	0	-0.738095238095238	0	0	-0.80511756018254	0	0	-0.84559432466447	0	0.714285714285714	0	-0.761019434147762	-0.84559432466447	-0.86248869203413	-0.785714285714286	0	0	-0.811754063090946	-0.829515062006253	-0.86248869203413	0	-0.811754063090946	-0.811754063090946	0	0	-0.86248869203413	0	0	-0.80511756018254	-0.811754063090946	-0.791039852105472	0	0	-0.87287156094397	0	-0.710284805204577	0	0	0	0	-0.850314645958414	0	-0.86248869203413	-0.761019434147762	-0.811754063090946	-0.761019434147762	-0.86248869203413	0	-0.86248869203413	0	0	0	0	-0.86248869203413	-0.938590635448906	-0.837121377562538	0	0	-0.710284805204577	0	-0.837121377562538	0	-0.811754063090946	-0.811754063090946	-0.763762615825973	0	-0.756322556535113	-0.837121377562538	-0.86248869203413	-0.84559432466447	0	-0.84559432466447	0	-0.86248869203413	-0.829515062006253	0	-0.86248869203413	-0.837121377562538	-0.86248869203413	0	-0.761019434147762	0	-0.84559432466447	0	-0.913223320977314	0	0	-0.849805034798334	-0.811754063090946	-0.7319250547114	0	0	-0.707527552887687	-0.86248869203413	-0.837121377562538	0	-0.84559432466447	0	-0.811754063090946	0	0	0	0	-0.86248869203413	-0.84559432466447	0	0	0	0	0	0	0	0	-0.791039852105472	-0.761019434147762	0	0	0	-0.732588631506546	0	-0.837121377562538	0	-0.791039852105472	0	0	-0.791039852105472	0	0	0	0	0	0	0	0	0	-0.763762615825973
BACasv6	-0.833333333333333	0.738095238095238	-0.857142857142857	0.738095238095238	0	0	-0.952380952380952	-0.857142857142857	0.761904761904762	0.738095238095238	0.814385858101016	0	0	-0.756322556535113	-0.857142857142857	0	0.785714285714286	0.80952380952381	0.80952380952381	0.833333333333333	0	0.80952380952381	-0.857142857142857	0.952380952380952	0.904761904761905	0	0	-0.952380952380952	0.880952380952381	0.714285714285714	-0.928571428571429	-0.887856006505722	0.80952380952381	-0.86248869203413	-0.756322556535113	-0.857142857142857	0	0	0.785714285714286	-0.913223320977314	-0.952380952380952	0.761904761904762	0	0.714285714285714	0	0	0.714285714285714	0.857142857142857	0	0.904761904761905	0.714285714285714	0	0.904761904761905	-0.829515062006253	0	0	0	-0.707527552887687	-0.904761904761905	0	0.714285714285714	0.80952380952381	-0.826362120720149	-0.913223320977314	0	-0.714285714285714	-0.756322556535113	-0.714285714285714	-0.761904761904762	0.833333333333333	0	-0.80511756018254	0	0	0	0	0.80952380952381	0	-0.913223320977314	0	-0.710284805204577	0	0	0	-0.761019434147762	0	-0.710284805204577	0	-0.86248869203413	-0.761019434147762	0	0	-0.710284805204577	0	0	0	-0.761019434147762	0	0	0	0	0	-0.86248869203413	0	0	0.80511756018254	0	-0.718575757147955	0	-0.710284805204577	-0.710284805204577	-0.86248869203413	-0.811754063090946	-0.710284805204577	0	-0.710284805204577	-0.922172221673209	0	0	0	-0.710284805204577	-0.786386748619354	0	0	0	-0.761019434147762	0	0	-0.761904761904762	-0.761019434147762	-0.761019434147762	0	0	0	-0.887856006505722	-0.710284805204577	0	0	0	0	-0.710284805204577	0	0	-0.710284805204577	0	-0.710284805204577	0	-0.811754063090946	0	0	0	-0.86248869203413	0	0	0	-0.86248869203413	0	0	0	0	-0.710284805204577	0	0	0	0	-0.86248869203413	0	0.814385858101016	0	0	-0.710284805204577	0	0	0	0	0	0	0	0	0	0	-0.913223320977314	0	0	0	0	0	0	0	0	0	0	0	0	0	0	0	0	0	0	0	0	0
BACasv8	0.785714285714286	-0.785714285714286	0.880952380952381	-0.880952380952381	0	-0.952380952380952	0	0.928571428571429	-0.761904761904762	0	-0.802409595481884	0	0	0.780720058358827	0.80952380952381	0	-0.738095238095238	-0.785714285714286	-0.80952380952381	-0.80952380952381	0	-0.761904761904762	0.904761904761905	-0.928571428571429	-0.904761904761905	0	0	0.928571428571429	-0.952380952380952	-0.80952380952381	0.952380952380952	0.811754063090946	-0.80952380952381	0.913223320977314	0.780720058358827	0.928571428571429	0	0	-0.714285714285714	0.938590635448906	0.928571428571429	-0.80952380952381	0	-0.785714285714286	0	0	-0.833333333333333	-0.857142857142857	-0.761904761904762	-0.928571428571429	-0.80952380952381	0	-0.928571428571429	0.853912563829967	0.761904761904762	0	0	0	0.976190476190476	0	-0.785714285714286	-0.880952380952381	0.814385858101016	0.938590635448906	0	0	0.853912563829967	0.785714285714286	0.833333333333333	-0.80952380952381	0.763762615825973	0.80511756018254	0	0	0	0	-0.785714285714286	0	0.938590635448906	0	0	0.714285714285714	0	0	0.710284805204577	0	0	0	0.913223320977314	0.710284805204577	0	0	0	0	0	0	0.710284805204577	0	0	0	0	0	0.913223320977314	0	0	-0.829515062006253	0	0.730552019767088	0	0	0.761019434147762	0.913223320977314	0.887856006505722	0.761019434147762	0	0	0.97007727214974	0	0	0	0	0.761019434147762	0.710284805204577	0	0	0.786386748619354	0	0.710284805204577	0.833333333333333	0.710284805204577	0.710284805204577	0	0	0	0.811754063090946	0.761019434147762	0	0	0	0.791039852105472	0	0.756322556535113	0.763762615825973	0	0.710284805204577	0	0	0.887856006505722	0	0	0	0.837121377562538	0	0	0	0.913223320977314	0	0	0	0	0	0.710284805204577	0	0	0	0.913223320977314	0	-0.826362120720149	0	0	0	0	0	0	0	0	0	0	0	0	0	0.86248869203413	0	0	0	0	0	0.710284805204577	0	0	0	0	0	0	0	0	0	0	0	0	0	0	0
BACasv9	0.714285714285714	-0.880952380952381	0.761904761904762	-0.880952380952381	0	-0.857142857142857	0.928571428571429	0	-0.880952380952381	0	-0.802409595481884	-0.714285714285714	0	0.829515062006253	0.904761904761905	0	-0.833333333333333	-0.857142857142857	-0.738095238095238	-0.880952380952381	0	-0.761904761904762	0.904761904761905	-0.80952380952381	-0.785714285714286	0	0	0.80952380952381	-0.952380952380952	0	0.857142857142857	0.811754063090946	-0.738095238095238	0.913223320977314	0.829515062006253	1	0	0	-0.714285714285714	0.938590635448906	0.857142857142857	-0.833333333333333	0	-0.928571428571429	0	0	-0.928571428571429	-0.880952380952381	-0.833333333333333	-0.904761904761905	-0.738095238095238	0	-0.904761904761905	0.902707567477393	0.833333333333333	0	-0.714285714285714	0	0.904761904761905	0	-0.80952380952381	-0.738095238095238	0.898219696434944	0.938590635448906	0	0	0.902707567477393	0.857142857142857	0.952380952380952	-0.80952380952381	0.763762615825973	0.80511756018254	0	0	0	0	-0.857142857142857	0	0.938590635448906	0	0	0.785714285714286	0	0	0.710284805204577	0	0	0	0.913223320977314	0.710284805204577	0	0	0	0	0	0	0.710284805204577	0	0	0	0	0	0.913223320977314	0	0	0	0	0.826362120720149	0	0	0.761019434147762	0.913223320977314	0.887856006505722	0.761019434147762	0	0	0.886243433815812	0	0	0	0	0.761019434147762	0.710284805204577	0	0	0.786386748619354	0	0.710284805204577	0.857142857142857	0.710284805204577	0.710284805204577	0	0	0	0.811754063090946	0.761019434147762	0	0	0	0.791039852105472	0	0.80511756018254	0.763762615825973	0	0.710284805204577	0	0	0.887856006505722	0	0	0	0.837121377562538	0	0	0	0.913223320977314	0	0	0	0	0	0.710284805204577	0	0	0	0.913223320977314	0	-0.922172221673209	0	0	0	0	0	0	0	0	0	0	0	0	0	0.86248869203413	0	0	0	0	0	0.710284805204577	0	0	0	0	0	0	0	0	0	0	0	0	0	0	0
BACasv10	-0.714285714285714	0.761904761904762	0	0.761904761904762	0.857142857142857	0.761904761904762	-0.761904761904762	-0.880952380952381	0	0.857142857142857	0	0.80952380952381	0	-0.707527552887687	-0.904761904761905	0	0.904761904761905	0.833333333333333	0.714285714285714	0.928571428571429	0	0.857142857142857	-0.714285714285714	0	0	0.761904761904762	-0.738095238095238	0	0.738095238095238	0	0	-0.913223320977314	0	-0.837121377562538	-0.853912563829967	-0.880952380952381	0	0	0.880952380952381	-0.86248869203413	-0.833333333333333	0	0.714285714285714	0.761904761904762	0	-0.791039852105472	0.857142857142857	0.714285714285714	0	0.738095238095238	0	0	0	-0.95150257112482	-0.761904761904762	0	0	-0.7319250547114	0	0	0.785714285714286	0	-0.754504545005353	-0.86248869203413	0	0	-0.829515062006253	-0.738095238095238	-0.880952380952381	0	0	-0.780720058358827	0	0	-0.763762615825973	0	0.833333333333333	0	-0.86248869203413	-0.763762615825973	-0.761019434147762	-0.761904761904762	0	0	-0.786386748619354	-0.707527552887687	-0.761019434147762	0	-0.837121377562538	-0.786386748619354	0	0	-0.761019434147762	0	0	0	-0.786386748619354	-0.791039852105472	0	0	-0.791039852105472	0	-0.786386748619354	0	0	0	0	-0.898219696434944	0	-0.761019434147762	0	-0.837121377562538	-0.761019434147762	-0.735652119676169	0	-0.761019434147762	-0.718575757147955	0	0	0	-0.761019434147762	-0.86248869203413	-0.710284805204577	0	0	-0.710284805204577	0	-0.710284805204577	-0.714285714285714	-0.786386748619354	-0.786386748619354	0	0	0	-0.913223320977314	-0.735652119676169	-0.763762615825973	0	-0.763762615825973	0	-0.761019434147762	-0.756322556535113	0	-0.761019434147762	-0.710284805204577	-0.761019434147762	0	-0.761019434147762	0	-0.763762615825973	0	-0.913223320977314	0	0	-0.773703091383558	-0.837121377562538	0	0	0	0	-0.761019434147762	-0.710284805204577	0	-0.763762615825973	0	-0.837121377562538	0	0.826362120720149	0	0	-0.761019434147762	-0.763762615825973	0	0	0	0	0	0	0	0	-0.791039852105472	-0.887856006505722	0	0	0	0	0	-0.710284805204577	0	-0.791039852105472	0	0	-0.791039852105472	0	0	0	0	0	0	0	0	0	0
BACasv11	-0.904761904761905	0.714285714285714	-0.761904761904762	0.714285714285714	0.952380952380952	0.738095238095238	0	0	0.857142857142857	0	0.802409595481884	0.738095238095238	0	0	-0.785714285714286	-0.761904761904762	0.857142857142857	0.833333333333333	0.904761904761905	0.714285714285714	0.714285714285714	0.928571428571429	0	0.785714285714286	0.80952380952381	0.761904761904762	-0.833333333333333	-0.785714285714286	0	0	0	-0.86248869203413	0.785714285714286	-0.86248869203413	-0.7319250547114	0	0	0	0.976190476190476	-0.837121377562538	-0.761904761904762	0	0	0	0	-0.84559432466447	0	0	0	0.714285714285714	0	0.722968462440373	0	-0.853912563829967	0	0	0	-0.80511756018254	0	0	0.80952380952381	0	0	-0.837121377562538	0	-0.785714285714286	-0.756322556535113	0	-0.761904761904762	0.738095238095238	0	-0.902707567477393	0	0	-0.791039852105472	0	0.833333333333333	-0.756322556535113	-0.837121377562538	-0.791039852105472	-0.786386748619354	-0.833333333333333	0	0	-0.761019434147762	0	-0.786386748619354	0	-0.86248869203413	-0.761019434147762	0	0.722968462440373	-0.786386748619354	0	0	0	-0.761019434147762	-0.763762615825973	0	0	-0.84559432466447	0	-0.761019434147762	0	0	0	0	-0.790433332862751	0	-0.786386748619354	-0.710284805204577	-0.86248869203413	-0.786386748619354	-0.811754063090946	0	-0.786386748619354	-0.730552019767088	0	0	0	-0.786386748619354	-0.913223320977314	-0.761019434147762	0	0	0	0	-0.761019434147762	0	-0.761019434147762	-0.761019434147762	-0.732588631506546	0	-0.87831006565368	-0.86248869203413	-0.811754063090946	-0.791039852105472	0	-0.791039852105472	-0.736485379546474	-0.786386748619354	-0.756322556535113	0	-0.786386748619354	-0.761019434147762	-0.786386748619354	0	-0.786386748619354	0	-0.791039852105472	0	-0.938590635448906	0	0	-0.735652119676169	-0.86248869203413	0	0	0	-0.756322556535113	-0.786386748619354	-0.761019434147762	0	-0.791039852105472	0	-0.86248869203413	0	0.730552019767088	0	0	-0.786386748619354	-0.791039852105472	0	0	0	0	0	0	0	0	-0.763762615825973	-0.811754063090946	0	0	0	-0.763762615825973	0	-0.761019434147762	0	-0.763762615825973	0	0	-0.763762615825973	0	0	0	0	0	0	0	0	0	-0.732588631506546
BACasv12	-0.934148484292342	0.946124746911475	-0.850314645958414	0.754504545005353	0	0.814385858101016	-0.802409595481884	-0.802409595481884	0	0.802409595481884	0	0	0	-0.797681127219951	-0.862290908577547	0	0.850314645958414	0.946124746911475	0.922172221673209	0	0	0.814385858101016	-0.766480807624486	0.898219696434944	0.922172221673209	0.742528282386221	0	-0.898219696434944	0.826362120720149	0	-0.874267171196679	-0.740070490451322	0.97007727214974	-0.931468031085285	0	-0.802409595481884	-0.766480807624486	0	0.778457070243618	-0.905948359000757	0	0.802409595481884	0	0.778457070243618	0	0	0	0.946124746911475	0	0.922172221673209	0	0.740070490451322	0.898219696434944	-0.736321040510724	0	0	0	-0.748593057852569	-0.802409595481884	0	0.802409595481884	0	-0.867469879518072	-0.905948359000757	0	0	-0.797681127219951	0	-0.874267171196679	0.97007727214974	-0.864393547418811	-0.969489370005787	0	0	0	0	0.946124746911475	0	-0.905948359000757	0	-0.727310654409058	-0.922172221673209	0	0	0	0	-0.727310654409058	0	-0.931468031085285	0	0	0.740070490451322	-0.727310654409058	0	0	0	0	0	0	0	0	0	-0.905948359000757	0	0	0	0	-0.72289156626506	0	-0.727310654409058	-0.829389342747172	-0.931468031085285	-0.931468031085285	-0.8549090148317	0	-0.727310654409058	-0.867469879518072	0	0	0	-0.727310654409058	-0.791109834620379	-0.791109834620379	0	0	-0.803869670662643	0	-0.791109834620379	-0.766480807624486	0	0	0	0	-0.822225161903642	-0.740070490451322	-0.8549090148317	0	0	0	-0.864393547418811	-0.727310654409058	-0.785409109878106	-0.864393547418811	-0.727310654409058	-0.791109834620379	-0.727310654409058	0	-0.931468031085285	0	0	0	-0.829389342747172	0	0	0	-0.931468031085285	0	0	0	-0.90812928329656	-0.727310654409058	-0.791109834620379	0	0	0	-0.931468031085285	0	0.927710843373494	0	0	-0.727310654409058	0	0	0	0	0	0	0	0	0	0	-0.778349998578115	0	0	0	0	0	-0.791109834620379	0	0	0	0	0	0	0	0	0	0	0	0	0	0	0
BACasv13	0	0.738095238095238	-0.714285714285714	0.738095238095238	0.785714285714286	0	0	-0.714285714285714	0.80952380952381	0.738095238095238	0	0	0	-0.853912563829967	-0.761904761904762	0	0	0.761904761904762	0	0.785714285714286	0	0.80952380952381	-0.761904761904762	0	0	0.976190476190476	-0.928571428571429	0	0	0	0	-0.837121377562538	0	-0.710284805204577	-0.95150257112482	-0.714285714285714	-0.857142857142857	-0.738095238095238	0.785714285714286	-0.761019434147762	0	0	0.904761904761905	0.714285714285714	0	0	0.714285714285714	0.714285714285714	0	0	0.761904761904762	0.722968462440373	0	-0.829515062006253	-0.904761904761905	0	0	-0.902707567477393	0	0	0.857142857142857	0	0	-0.761019434147762	0	-0.761904761904762	-0.853912563829967	-0.857142857142857	-0.714285714285714	0.738095238095238	0	-0.707527552887687	0	0	0	0	0.761904761904762	0	-0.761019434147762	0	-0.86248869203413	-0.80952380952381	0	0	-0.913223320977314	0	-0.86248869203413	0	-0.710284805204577	-0.913223320977314	0	0.722968462440373	-0.86248869203413	0	0	-0.80511756018254	-0.913223320977314	0	0	0	0	0	-0.811754063090946	0	0	0	0	-0.718575757147955	0	-0.86248869203413	-0.86248869203413	-0.710284805204577	-0.761019434147762	-0.761019434147762	0	-0.86248869203413	0	0	0	0	-0.86248869203413	-0.735652119676169	-0.837121377562538	-0.722968462440373	0	-0.913223320977314	0	-0.837121377562538	0	-0.913223320977314	-0.913223320977314	0	0	0	-0.837121377562538	-0.761019434147762	0	0	0	0	-0.86248869203413	-0.829515062006253	0	-0.86248869203413	-0.837121377562538	-0.86248869203413	0	-0.761019434147762	0	0	0	-0.710284805204577	0	0	0	-0.710284805204577	0	0	-0.763762615825973	0	-0.86248869203413	-0.837121377562538	0	0	0	-0.710284805204577	0	0.766480807624486	0	0	-0.86248869203413	0	0	-0.791039852105472	0	0	0	0	0	0	0	-0.86248869203413	0	0	0	0	-0.791039852105472	-0.837121377562538	0	0	0	0	0	0	0	0	0	0	0	0	0	0	0
BACasv15	0	0	0	0	0	0	0	0	0	0	0	0	0	0	0	-0.722968462440373	0	0	0	0	0	0	0	0	0	0	0	0	0	0	0	0	0	0	0	0	0	0	0	0	0	0	0	0	0	0	0	0	0	0	0	0	0	0	0	0	0	0	0	0.938590635448906	0	0	0	0	0	0	0	0	0	0	0	0	0	0	0	0	0	0	0	0	0	0	0	0	0	0	0	0	0	0	0.786386748619354	0	0	-0.748335776911965	0	0	0	0	0	0	0	0	0	0	0	0	0	0	0	0	0	0	0	0	0	0	0	0	0	0	0	0	0	0	0	0	0	0	0	0	0	0	0	0	0	0	0	0	0	0	0	0	0	0	0	0	0	0	0.935775440838066	0	0	0	0	0	0	0	0	0	0	0	0	0	0	0	0	0	0	0	0	0	0	0	0	0	0	0	0	0	0	0	0	0	0	0	0	0	0	0	0	0	0.726547742148871	0	0	0	0	0	0	0	0	0	0	0	0
BACasv16	0	-0.87831006565368	0.756322556535113	-0.780720058358827	0	-0.756322556535113	0.780720058358827	0.829515062006253	-0.707527552887687	0	-0.797681127219951	-0.853912563829967	0	0	0.80511756018254	0	-0.7319250547114	-0.780720058358827	0	-0.80511756018254	0	0	0.95150257112482	-0.7319250547114	-0.707527552887687	-0.853912563829967	0.756322556535113	0.7319250547114	-0.902707567477393	0	0.853912563829967	0.779812867365055	-0.780720058358827	0.779812867365055	0.85	0.829515062006253	0.853912563829967	0	0	0.805806629610556	0.707527552887687	0	-0.829515062006253	-0.853912563829967	0	0	0	-0.902707567477393	0	-0.80511756018254	-0.853912563829967	0	-0.902707567477393	0.725	0.927105069301107	0	0	0.825	0.853912563829967	0	-0.756322556535113	0	0.785409109878106	0.805806629610556	0	0.7319250547114	0.825	0.975900072948533	0.80511756018254	-0.853912563829967	0	0.725	0	0	0	0	-0.780720058358827	0	0.805806629610556	0	0.85779415410156	0.780720058358827	0	0	0.883787916347062	0	0.85779415410156	0	0.779812867365055	0.883787916347062	0	0	0.85779415410156	0	0	0	0.883787916347062	0	0	0	0	0	0.883787916347062	0	0	0	-0.707527552887687	0.760865075194415	0	0.85779415410156	0.935775440838066	0.779812867365055	0.85779415410156	0.831800391856058	0	0.85779415410156	0.760865075194415	0	0	0	0.85779415410156	0.727825342874051	0.883787916347062	0	0	0.961769203083567	0	0.883787916347062	0	0.883787916347062	0.883787916347062	0	0	0	0.779812867365055	0.831800391856058	0	0	0	0	0.85779415410156	0.825	0	0.85779415410156	0.883787916347062	0.85779415410156	0	0.85779415410156	0	0	0	0	0	0	0	0.779812867365055	0	0	0.810574641843674	0	0.85779415410156	0.883787916347062	0	0	0	0.779812867365055	0	-0.871313231271023	0	0	0.85779415410156	0	0	0.782623792124926	0	0	0	0	0	0	0	0.831800391856058	0	0	0	0	0.866476341281168	0.883787916347062	0	0	0	0	0	0	0	0	0	0	0	0	0	0	0
BACasv17	0.785714285714286	-0.880952380952381	0.714285714285714	0	0	-0.857142857142857	0.80952380952381	0.904761904761905	-0.904761904761905	-0.785714285714286	-0.862290908577547	-0.761904761904762	0	0.80511756018254	0	0	-0.928571428571429	-0.952380952380952	-0.761904761904762	-0.880952380952381	0	-0.857142857142857	0.80952380952381	-0.80952380952381	-0.761904761904762	-0.785714285714286	0	0.80952380952381	-0.833333333333333	0	0.785714285714286	0.887856006505722	-0.761904761904762	0.86248869203413	0.80511756018254	0.904761904761905	0	0	-0.833333333333333	0.913223320977314	0.80952380952381	-0.761904761904762	0	-0.880952380952381	0	0	-0.785714285714286	-0.904761904761905	0	-0.857142857142857	0	-0.735652119676169	-0.857142857142857	0.87831006565368	0.714285714285714	0	0	0.756322556535113	0.761904761904762	0	-0.761904761904762	0	0.946124746911475	0.913223320977314	0	0	0.80511756018254	0.761904761904762	0.904761904761905	-0.880952380952381	0	0.853912563829967	0	0	0	0	-0.952380952380952	0	0.913223320977314	0	0.710284805204577	0.80952380952381	0	0	0.761019434147762	0	0.710284805204577	0	0.86248869203413	0.761019434147762	0	-0.735652119676169	0.710284805204577	0	0	0	0.761019434147762	0	0	0	0	0	0.86248869203413	0	0	0	0	0.814385858101016	0	0.710284805204577	0.710284805204577	0.86248869203413	0.811754063090946	0.710284805204577	0	0.710284805204577	0.778457070243618	0	0	0	0.710284805204577	0.786386748619354	0	0	0	0.761019434147762	-0.709208143266975	0	0.738095238095238	0.761019434147762	0.761019434147762	0	0	0	0.887856006505722	0.710284805204577	0	0	0	0	0.710284805204577	0	0	0.710284805204577	0	0.710284805204577	0	0.811754063090946	0	0	0	0.86248869203413	0	0	0	0.86248869203413	0	0	0	0	0.710284805204577	0	0	0	0	0.86248869203413	0	-0.958101009530607	0	0	0.710284805204577	0	0	0	0	0	0	0	0	0	0	0.913223320977314	0	0	0	0	0	0	0	0	0	0	0	0	0	0	0	0	0	0	0	0	0
BACasv18	0.738095238095238	0	0	0	0	0	0	0	0	-0.761904761904762	0	0	-0.722968462440373	0	0	0	0	-0.738095238095238	-0.785714285714286	0	0	-0.833333333333333	0	-0.714285714285714	0	0	0	0.714285714285714	0	0	0	0	0	0	0	0	0	0	-0.80952380952381	0	0	0	0	0	0	0	0	0	0	0	0	-0.86248869203413	0	0	0	0	0	0	0	-0.785714285714286	0	0	0	0	0	0	0	0	0	0	0	0.756322556535113	0	0	0	0	-0.738095238095238	0	0	0	0	0	0	0	0	0	0	0	0	0	-0.928571428571429	-0.86248869203413	0	0	0	0	0	0	0	0	0	0	0	0	0	0	0	0	0	0	0	0	0	0	0	0	0	0	0	0	0	0	0	0	0	0	0	0	0	0	0	0	0	0.80511756018254	0	0	0	0	0	0	0	0	0	0	0	0	0	0	0	0	0	0	0	0	0	0	0	0	0	0	0	0	0	0	0	0	0	0	0	0	0	0	0	0	0	0	0	0	-0.811754063090946	0	0	0	0	0	0	0	0	0	0	0	0	0	0	0	0	0	0	0	0	0	0	0	0
BACasv19	-0.857142857142857	0.857142857142857	0	0	0.80952380952381	0.785714285714286	-0.738095238095238	-0.833333333333333	0.904761904761905	0.857142857142857	0.850314645958414	0	0	-0.7319250547114	-0.928571428571429	0	0	0.880952380952381	0.761904761904762	0.857142857142857	0	0.785714285714286	0	0.738095238095238	0.761904761904762	0.714285714285714	0	-0.738095238095238	0.738095238095238	0	0	-0.86248869203413	0.738095238095238	-0.86248869203413	0	-0.833333333333333	0	0	0.833333333333333	-0.837121377562538	-0.80952380952381	0.738095238095238	0	0.738095238095238	0	-0.84559432466447	0	0.80952380952381	0	0.857142857142857	0	0	0.761904761904762	-0.80511756018254	0	0	0	-0.756322556535113	0	0	0	0	-0.826362120720149	-0.837121377562538	0	0	-0.707527552887687	0	-0.904761904761905	0.785714285714286	0	-0.853912563829967	-0.738095238095238	0	-0.791039852105472	0	0.880952380952381	0	-0.837121377562538	-0.791039852105472	-0.786386748619354	-0.785714285714286	0	0	-0.761019434147762	0	-0.786386748619354	0	-0.86248869203413	-0.761019434147762	0	0	-0.786386748619354	0	0	0	-0.761019434147762	-0.763762615825973	0	0	-0.84559432466447	0	-0.761019434147762	0	0	0	0	-0.934148484292342	0	-0.786386748619354	-0.710284805204577	-0.86248869203413	-0.786386748619354	-0.811754063090946	0	-0.786386748619354	-0.778457070243618	0	0	0	-0.786386748619354	-0.913223320977314	-0.761019434147762	0	0	0	0	-0.761019434147762	-0.833333333333333	-0.761019434147762	-0.761019434147762	-0.732588631506546	0	-0.780720058358827	-0.86248869203413	-0.811754063090946	-0.791039852105472	0	-0.791039852105472	-0.736485379546474	-0.786386748619354	-0.707527552887687	0	-0.786386748619354	-0.761019434147762	-0.786386748619354	0	-0.786386748619354	0	-0.791039852105472	0	-0.938590635448906	0	0	0	-0.86248869203413	0	0	0	0	-0.786386748619354	-0.761019434147762	0	-0.791039852105472	0	-0.86248869203413	0	0.874267171196679	0	0	-0.786386748619354	-0.791039852105472	0	0	0	0	0	0	0	0	-0.763762615825973	-0.811754063090946	0	0	0	-0.763762615825973	0	-0.761019434147762	0	-0.763762615825973	0	0	-0.763762615825973	0	0	0	0	0	0	0	0	0	-0.732588631506546
BACasv21	-0.857142857142857	0.928571428571429	-0.80952380952381	0.738095238095238	0.714285714285714	0.80952380952381	-0.785714285714286	-0.857142857142857	0.833333333333333	0.833333333333333	0.946124746911475	0.761904761904762	0	-0.780720058358827	-0.952380952380952	-0.738095238095238	0.880952380952381	0	0.880952380952381	0.738095238095238	0	0.904761904761905	-0.761904761904762	0.857142857142857	0.833333333333333	0.80952380952381	-0.714285714285714	-0.857142857142857	0.80952380952381	0	-0.80952380952381	-0.811754063090946	0.880952380952381	-0.913223320977314	-0.780720058358827	-0.857142857142857	-0.761904761904762	0	0.857142857142857	-0.938590635448906	-0.714285714285714	0.738095238095238	0	0.857142857142857	0	0	0.761904761904762	0.928571428571429	0	0.857142857142857	0	0.849805034798334	0.857142857142857	-0.853912563829967	0	0	0	-0.756322556535113	-0.761904761904762	0	0.857142857142857	0	-0.922172221673209	-0.938590635448906	0	0	-0.853912563829967	-0.714285714285714	-0.904761904761905	0.952380952380952	-0.763762615825973	-0.95150257112482	0	0	0	0	1	0	-0.938590635448906	0	0	-0.928571428571429	0	0	-0.710284805204577	0	0	0	-0.913223320977314	-0.710284805204577	0	0.849805034798334	0	0	0	0	-0.710284805204577	0	0	0	0	0	-0.913223320977314	0	0	0	0	-0.730552019767088	0	0	-0.761019434147762	-0.913223320977314	-0.887856006505722	-0.761019434147762	0	0	-0.790433332862751	0	0	0	0	-0.761019434147762	-0.710284805204577	0	0	-0.786386748619354	0.709208143266975	-0.710284805204577	0	-0.710284805204577	-0.710284805204577	0	0	-0.780720058358827	-0.811754063090946	-0.761019434147762	0	0	0	-0.791039852105472	0	-0.756322556535113	-0.763762615825973	0	-0.710284805204577	0	0	-0.887856006505722	0	0	0	-0.837121377562538	0	0	0	-0.913223320977314	0	0	0	-0.80511756018254	0	-0.710284805204577	0	0	0	-0.913223320977314	0	0.97007727214974	0	0	0	0	0	0	0	0	0	0	0.773703091383558	0	0	-0.86248869203413	0	0	0	0	0	-0.710284805204577	0	0	0	0	0	0	0	0	0	0	0	0	0	0	0
BACasv22	-0.952380952380952	0.80952380952381	-0.928571428571429	0.80952380952381	0.80952380952381	0.80952380952381	-0.80952380952381	-0.738095238095238	0.714285714285714	0.904761904761905	0.922172221673209	0	0	0	-0.761904761904762	-0.785714285714286	0.761904761904762	0.880952380952381	0	0	0	0.904761904761905	0	0.928571428571429	0.952380952380952	0.714285714285714	-0.738095238095238	-0.928571428571429	0.738095238095238	0	-0.833333333333333	-0.761019434147762	0.952380952380952	-0.938590635448906	-0.707527552887687	-0.738095238095238	0	0	0.880952380952381	-0.913223320977314	-0.738095238095238	0	0	0	0	0	0	0.80952380952381	0	0.833333333333333	0.714285714285714	0.735652119676169	0.785714285714286	-0.80511756018254	0	0	0	-0.7319250547114	-0.785714285714286	0	0.880952380952381	0	0	-0.913223320977314	0	-0.761904761904762	-0.829515062006253	0	-0.785714285714286	0.880952380952381	-0.84559432466447	-0.975900072948533	0	0	0	0	0.880952380952381	-0.707527552887687	-0.913223320977314	0	-0.710284805204577	-0.904761904761905	0	0	0	0	-0.710284805204577	0	-0.938590635448906	0	0	0.735652119676169	-0.710284805204577	0	0	0	0	0	0	0	0	0	-0.887856006505722	0	0	0	0	0	0	-0.710284805204577	-0.786386748619354	-0.938590635448906	-0.913223320977314	-0.837121377562538	0	-0.710284805204577	-0.862290908577547	0	0	0	-0.710284805204577	-0.811754063090946	-0.761019434147762	0	0	-0.761019434147762	0	-0.761019434147762	0	0	0	0	0	-0.853912563829967	-0.761019434147762	-0.837121377562538	0	0	0	-0.87287156094397	-0.710284805204577	-0.80511756018254	-0.84559432466447	-0.710284805204577	-0.761019434147762	-0.710284805204577	0	-0.913223320977314	0	0	0	-0.86248869203413	0	0	0	-0.938590635448906	0	0	0	-0.87831006565368	-0.710284805204577	-0.761019434147762	0	0	0	-0.938590635448906	0	0.802409595481884	0	0	-0.710284805204577	0	0	0	0	0	0	0	0	0	0	-0.786386748619354	0	0	0	0	0	-0.761019434147762	0	0	0	0	0	0	0	0	0	0	0	0	0	0	0
BACasv25	0	0.714285714285714	0	0.714285714285714	0.738095238095238	0.833333333333333	-0.80952380952381	-0.880952380952381	0.928571428571429	0.714285714285714	0	0.785714285714286	0	-0.80511756018254	-0.880952380952381	0	0.857142857142857	0.738095238095238	0	0	0	0.738095238095238	-0.833333333333333	0	0	0.738095238095238	-0.714285714285714	0	0.80952380952381	0	-0.714285714285714	-0.938590635448906	0	-0.761019434147762	-0.853912563829967	-0.880952380952381	0	0	0.761904761904762	-0.811754063090946	-0.904761904761905	0	0.785714285714286	0.761904761904762	0	-0.763762615825973	0.785714285714286	0.738095238095238	0	0.761904761904762	0	0	0.761904761904762	-0.87831006565368	-0.80952380952381	0	0	-0.756322556535113	-0.761904761904762	0	0	0	-0.754504545005353	-0.811754063090946	0	0	-0.756322556535113	-0.833333333333333	-0.80952380952381	0	0	0	-0.833333333333333	0	-0.791039852105472	0	0.738095238095238	0	-0.811754063090946	-0.791039852105472	-0.811754063090946	0	-0.722968462440373	0	-0.86248869203413	0	-0.811754063090946	0	-0.761019434147762	-0.86248869203413	0	0	-0.811754063090946	0	0	0	-0.86248869203413	-0.84559432466447	0	0	-0.763762615825973	0	-0.761019434147762	0	0	0	0	-0.898219696434944	0	-0.811754063090946	-0.710284805204577	-0.761019434147762	-0.710284805204577	-0.710284805204577	0	-0.811754063090946	-0.742528282386221	0	0	0	-0.811754063090946	-0.837121377562538	-0.735652119676169	0	0	-0.761019434147762	0	-0.735652119676169	-0.738095238095238	-0.86248869203413	-0.86248869203413	0	0	0	-0.938590635448906	-0.710284805204577	-0.791039852105472	0	-0.791039852105472	0	-0.811754063090946	0	0	-0.811754063090946	-0.735652119676169	-0.811754063090946	0	-0.710284805204577	0	-0.791039852105472	0	-0.86248869203413	0	0	-0.735652119676169	-0.761019434147762	0	0	0	0	-0.811754063090946	-0.735652119676169	0	-0.791039852105472	0	-0.761019434147762	0	0.790433332862751	0	0	-0.811754063090946	-0.791039852105472	0	0	0	0	0	0	0	0	-0.84559432466447	-0.913223320977314	0	0	0	0	0	-0.735652119676169	0	-0.84559432466447	0	0	-0.84559432466447	0	0	0	0	0	0	0	0	0	0
BACasv26	0	0	0	0	0	0	0	0	0	0.714285714285714	0	0	0	0	0	0	0	0	0	0	0	0	0	0	0	0	-0.761904761904762	0	0	0	0	0	0	0	0	0	0	-0.738095238095238	0	0	0	0	0	0	-0.763762615825973	-0.736485379546474	0	0	0	0	0	0	0	0	0	-0.732588631506546	0	-0.756322556535113	0	0	0	0	0	0	0	-0.785714285714286	0	0	0	0	0	0	0	-0.952380952380952	-0.791039852105472	0	0	-0.756322556535113	0	-0.791039852105472	0	0	0	0	0	0	0	-0.763762615825973	0	0	0	0	0	0	0	0	0	-0.763762615825973	0	-0.763762615825973	-0.736485379546474	-0.732588631506546	0	0	0	0	0	0	0	0	0	0	0	0	-0.732588631506546	0	0	0	-0.763762615825973	-0.763762615825973	0	0	0	0	-0.763762615825973	0	0	0	0	0	0	0	0	0	0	0	-0.791039852105472	-0.763762615825973	-0.791039852105472	0	0	0	0	0	0	0	-0.763762615825973	0	0	-0.791039852105472	-0.763762615825973	0	-0.763762615825973	0	0	0	0	0	0	0	0	0	0	-0.791039852105472	-0.763762615825973	0	-0.763762615825973	0	-0.732588631506546	-0.763762615825973	0	-0.791039852105472	0	0	0	0	-0.763762615825973	0	0	-0.763762615825973	-0.763762615825973	0	0	0	0	0	0	0	-0.763762615825973	-0.763762615825973	0	0	-0.763762615825973	-0.763762615825973	0	0	0	0	0	0	0	0	0
